start=162.433000
speed=1.610510
volume=70.000000
