start=157.666667
speed=1.100000
volume=98.000000
deinterlace=auto
af=lavfi=graph=%113%lowpass=c=LFE:f=120,volume=1.6,pan=stereo|FL=0.5*FC+0.707*FL+0.707*BL+0.5*LFE|FR=0.5*FC+0.707*FR+0.707*BR+0.5*LFE
aid=1
sid=no
sub-delay=-0.100000
video-aspect-override=1.777778
