start=7430.250000
speed=1.771561
volume=70.299240
af=lavfi=graph=%113%lowpass=c=LFE:f=120,volume=1.6,pan=stereo|FL=0.5*FC+0.707*FL+0.707*BL+0.5*LFE|FR=0.5*FC+0.707*FR+0.707*BR+0.5*LFE
aid=1
video-aspect-override=1.777778
