start=219.265101
volume=22.000000
