start=4.969868
volume=28.000000
