start=674.320000
sid=1
video-aspect-override=1.777778
